"achcar11" -> {0.3368477732206609, 0.07652721542669752, -0.08120248911445702, 
  0.09924385693069356, 0.0009419492247791974, -0.004211195340723127, 
  0.00023617925494876237, 0.9999994985236165, 0.14185283309483648, 
  1.5652459252602597, 0.00010916947466328399, 0.2160832261084669, 
  0.5700772523095434, 0.443037358007374, 0.8586159252923428, 
  0.08643907794813042, 0.009525829883708333, 0.46819123338624324, 
  -0.0002985082898985819, -0.00022914445530784752, 0.6180816915630408, 
  0.23309492390637016, -0.34834135060182936, -0.15092861212373415, 
  0.5323333930128378, 0.21358671549089467, 0.0003912828143120576, 
  -0.020393501938268485, 0.9996342144501258, 0.05675073956941983, 
  1.0534071853429443, 0.009302237492743483, -0.003279891492060107, 
  -0.0008680353386778802, 0.9994314523840561, 0.02076458932141411}
"achcar12" -> {0.9998321805313465, 0.06448046607303741, -0.06294138088175497, 
  0.09339455824696664, 0.000025578724016691813, -0.0034476374214056243, 
  2.8453664520377092*^-6, 0.00027459868859352056, 0.9999994972217623, 
  0.12263526323011985, 1.6076897261893959, 0.00013043286582780644, 
  0.21431755375574668, 0.5513131691365684, 0.37441905684186993, 
  0.8568927535839149, 0.07786629171856045, 0.015066607514051275, 
  0.5898131513690889, -0.00023980380003676377, 0.00045670910456582157, 
  0.6274202153849718, 0.23713505708089827, -0.2833571342740018, 
  -0.09256658574047645, 0.7723540493022247, 0.14503371203422868, 
  0.0003064886186617425, -0.017372379458097553, 0.9996247066629114, 
  0.04577128798870345, 1.0444295187382289, 0.007459292350612376, 
  -0.0026492408923457066, -0.0007652480540150495, 0.9994395129167085, 
  0.01575512917567704}
"achcar13" -> {0.9998072916674776, 0.08056218606578616, -1.0726099525438182, 
  0.42067799952227775, 0.00007816337607752694, -0.06259986819533556, 
  0.000022308869396198856, 0.00016567163793222486, 0.999999536002339, 
  0.11738998467944398, -2.637809942667239, -0.00005009298050085451, 
  0.21274988556949187, 0.350214400487874, 0.9518276826281928, 
  1.1156791587149504, 0.5282577713979749, -0.1341426444195214, 
  1.593973627351687, -0.00014532044892723588, -0.027348683477531166, 
  0.2702791510879323, 0.17922279357099888, 3.118607552532021, 
  -11.21733092824135, 1.1737770780731178, 10.267099372361306, 
  0.002074041018092976, -0.13561639932523664, 0.9998838712203032, 
  0.7183018201616144, 1.2250508262391804, 0.03051224851956423, 
  -0.09889090775017162, -0.002459985575805259, 0.9989839782897397, 
  0.03380632457974539}
"achcar14" -> {0.22117266123306611, 0.15451828255343256, 0.15452052620298035, 
  0.9998075714741059, 0.00035617594479918184, 0.45460291399605973, 
  0.015224565920273273, -0.001731415611151693, 0.06631154159124905, 
  0.000018063712043053164, 0.0000759621053593641, 7.610073660742518*^-7, 
  0.00024303423151193277, 0.9999996350428094, 0.0776773718797665, 
  0.9995983594500676, 0.00026590827938389604, 0.13838552285016903, 
  0.5356843691894072, 0.18106008665896078, 0.9988137886175129, 
  0.01976061362395013, 0.0037503860763192605, 0.9920594293288665, 
  0.00033868204219067563, 0.00029334477500800814, 0.6499929677092089, 
  0.3303088333663073, 0.9998926693155316, 0.006662854114414869, 
  0.999841901998763, 0.0004548157738652987, 3.6375636433830525*^-6, 
  0.000496013554302893, 0.9995630806701491, 0.00018315874840252436, 
  0.9999370386322695, 0.0000526224399199555, 0.00005440619018863371, 
  0.000026880407979818152, 0.9995502662375255, 0.0001137364861262551}
"achcar6" -> {0.08498279568032442, 0.03666963536546689, 0.005499162608911379, 
  0.013904365901349263, 0.212790054037738, 0.5632789730855312, 
  0.280494085771091, 0.09640275421781552, -0.1257778899132214, 
  -0.0000309122571745934, 0.0021384559631791385, 0.466339130272245, 
  0.22825246104966665, -0.07089617327229221, 0.06800056492573692, 
  0.0010112425340868675, 0.0534263124336975, 0.005486602386360996, 
  0.029610875189541017, 0.012211308485200661, 0.0018669379016647742, 
  0.034339257633076714}
"achcar7" -> {0.0009098232266636664, -0.0016692675327918418, 0., 
  0.00043343923158082524, 0.0013715504866725233, 0.0021192347887143757, 
  0.021289537404482178, 0.0027464791346983796, 0.9845467603716104, 
  0.0003291562311683177, 0.00015257497053192243, 0.6481066306231293, 
  0.3285162688170412, 0.006598464384253833, 0.0007589410728752583, 
  0.00001305172302425567, 0.0028317792043151746, 0.00013468931407256647, 
  0.0002584664335831674, 0.00031381777989996826, 0.00015549454644461368, 
  0.00008310778802875944}
"achcar8" -> {0.07719262617679325, 0.053844083677000096, 
  -0.006869323909552457, 0.005546219645100268, 0.9999997548491472, 
  0.11082061526534255, 0.07881916236006536, 0.000047168167443378275, 
  0.23622493034649072, 0.0004823685786328192, 0.6148754338555247, 
  0.029203116537570576, 0.0220047764839011, 0.5275839814454321, 
  0.00016086714353601416, 0.7600238793891756, 0.18762477879565495, 
  0.9578664137254641, 0.015450040278730532, 0.2224684678733127, 
  0.003295833888035835, 0.000279579914513275, 0.032734978099765666, 
  0.04171296276091749, 0.0007032128619081158, 0.9951803869336905, 
  0.006528543094041282, 0.004069835350333408, 0.0016419198695780768, 
  0.011053750305577776, 0.009429636236849928}
"achcar9" -> {0.07061234357131953, 0.0013537837116157898, 
  -0.03013683969437177, 0.0010370872741473178, 0.0006386502487099108, 
  0.9999995654208744, 0.015909001934408334, 0.5708985063439987, 
  0.000052779174481034605, 0.03342329478993287, 0.5778186489822423, 
  0.026606054562171532, 0.009482039147781654, 0.9688125156629596, 
  0.00014249679952139935, -0.0001776584178368144, 0.7732705149383955, 
  0.17821733875023454, 0.47106006271107714, 0.01166163956259217, 
  0.232032637274538, 0.0014797278169071872, 0.00004189006931431819, 
  0.0038085847210783752, 0.04527060822990846, 0.0003538721303010983, 
  1.0199613104023089, 0.0009473207729612278, 0.00046740621848071834, 
  0.00019258638271942545, 0.011699820021804204, 0.003062410490030177}
"assmus" -> {0.006898307977624287, 0.00001315889821265054, 
  0.6500351887871348, 0.0053056995496366275, 0.015572598695251447, 
  0.19393081605779822, 0.04792877962318456, -0.06795817064073552, 
  0.00029421747596993506, 0.17793727459764191, 0.02888553764017418, 
  0.9132155724140901, 0.0609064301528333, 0.863645783055885, 
  0.509595643805025, 0.0008464771919538542, 0.48920178788703556, 
  0.00028576089830011504, 0.0496633601797068, 0.003494413429129806, 
  0.0001467672340590837, 0.2868455570725446, 0.0004360163067976894, 
  0.017440897176400554, 0.7754231519905777, 0.8694035606795824, 
  0.10108368105669042, -0.0005640450257312165, 0.00008577583322613894}
"bali" -> {0.06707434951878526, 1.018701343404667*^-7, 5.310417662862969*^-7, 
  2.026736525796973*^-6, -2.041101764126944*^-12, 0.0003519764538833449, 
  0.03256041737754286, -2.73040522204694*^-7, -2.8338658927868322*^-9, 
  -3.906640074387562*^-8, 0.000056946495954208826, 0.035622962906329186, 
  0.9636355406015521}
"maiwald" -> {1.0019683722376926, -0.00010205845956183602, 
  -0.0003449693681250337, -0.001783783451114959, 0.006853380595584894}
"bruggeman" -> {0.4284780658231411, 0.3396536316447823, 0.031871672358351234, 
  0.048283541108435565, 0.6444963733468645, 0.5044829428923903, 
  0.4506385686160043, 0.020200011333789708, 0.5715219341768589, 
  0.2157251637810949, 0.784274836218905, 0.2022765883184202, 
  0.7977234116815798, 1.5890455472506428, -0.5890455472506427, 
  0.9603732586993824}
"bulik2" -> {0.17779689491956518, 1.8895239381467483, 0.009581097372082913, 
  0.01758257744111631, 0.055983247294364755, -1.7795795425159881*^-9, 
  0.9794007140290613, 2.1703348649077195*^-6, 0.019892221747057372, 
  0.00015289200878360073, 0.00011737566619713934, 0.00001585774320080215, 
  1.8279176370499808*^-9, 1.5446932548478957*^-8, 1.4107646955698027*^-6, 
  2.7362049158315136*^-8, 0.9471492520628875, 4.249951505525846*^-8, 0., 
  2.2618207473302974*^-10, 0.00011662964140130214, 0.0006733119958227176, 
  4.526157963294197*^-11, 0., -2.6954856056737643*^-10, 0.10295591442161832, 
  -0.09297808960019804, -0.00536974584882041}
"bulik3" -> {0.0009295056023941405, 0.4280923179146405, 
  -0.0030360152318315843, -0.0055892791129894285, -0.017772023469678173, 
  0.0014024808496422593, 0.9917704437689712, -3.699064725220494*^-6, 
  0.007711702749565913, 0.00018655470633297588, 0.00012104982316944058, 
  0.0029152247167752556, 0.00008241504552086071, 0.002068120362840221, 
  0.06513421430787728, 0.001279575939901635, 0.8904947595678964, 
  0.00205738032284638, 0., 2.8250433237385943*^-6, 0.00011809300089542849, 
  0.22480111308405612, 0.0019311952740986374, 0.000018600636672894508, 
  0.00021055122841962895, 0.033372062089958035, 0.6634391026106858, 
  0.03831547176875198}
"mulquiney" -> {0.056240090457800186, -0.00012738202147133398, 
  0.0005074210279640559, 0.000012080718966896297, 0.0018761327442592323, 
  0.0820901159408614}
"olah" -> {0.996185825775224, 0.03147185296835125, -1.1963778880773556*^-8, 
  0.9389843846153371, 0.999854463006203, 0.00035769004191396896, 
  0.003638024124615217, -0.000047014431060160806, -4.749219081261409*^-6, 
  -0.00007514154178634874, 0.0017781080845316911, 0.004063833557717448, 
  0.02379273498181308}
"ortega" -> {0.9971869613938407, 0.0028130386061593553, 1.0187814610565402, 
  -0.018781461056540317}
"penkler1" -> {0.026998329767764815, -0.05255710506888514, 
  0.006490011781522939, 0.6434937226448721, 0.09597670681561737, 
  0.28432848618243184, 0.014406039923014475, 0.3195390901016218, 
  0.0030999281407521058, 0.03753832371061388, 0.2867988691039318, 
  0.016357335280151042, 0.00007552356750330955, 0.0067888098339447716, 
  0.004857679195117065, 0.3023633457858662, 0.0034449032341597624}
"poolman" -> {0.48471239818569856, 0.9977175361688448, 
  1.6792280464146578*^-9, 5.394369033186165*^-8, 2.54593541272933*^-11, 
  0.0014271164977254175, 0.0012640076216141548, 1.2300859246869652*^-8, 
  0.030071062302594993, 1.0077264549508838, 0.7859270088357505, 
  0.4748422402574439, 1.1655639810495555, 0.011294352472047488, 
  -1.644447693983809*^-10, -1.0817396746441462*^-10, 0.03945280371966114, 
  4.0223439675565025*^-7, 5.646782938011276*^-7, 3.035035450530343*^-9, 
  3.8029848400110945*^-10}
"queralt" -> {0.0003906288838615639, 0.9986460314815545, 1.0009437507952685, 
  0.966938171355397, 0.4166366466844268, 0.9999999830404722, 0., 
  0.0052075340605530025, 0.9947924659394471, 0.9560079590611452, 
  0.04445526874093452, -0.000045182888641746325, 1.0000451828886414}
"rohwer1" -> {-0.0683409440286893, 0.751634196123992, 0.23123050621350197, 
  0.18744906489898888, 0.9618303757440088, 0.9656058418745516, 
  1.5191225315789727, 0.4272618540964515, 0.0020030360305605607, 
  0.430496284486182, 0.5917072529814795}
"saavedra" -> {1.02784695414552, 0.9384880393127086, 0.5533356111726413, 
  0.060019451956039874, 0.0010162232843049955, 0.0014317778774589013, 
  0.00020861853463325923, -0.0007326626147589343, -0.11565370151687702, 
  0.06983835519471168, 0.11708459600151488, 0.15212578641599572, 
  0.0022996006808101554, 0.0650039236862303, 0.023805104643513205}
"essunger1" -> {-8.351648375240199, 11.967593611117133}
"silva" -> {-3.944304526105059*^-31, 0.}
"smallbone10" -> {0.002656735128735263, -1.2270615518168728, 
  0.03872717329902692, 0.37256562233216206, 0.6106742429539815, 
  0.011729221447803206, 0.05757790837084386, 1.000453509646368, 
  1.0331967614652116, 1.6985098192080788, 0.08420845740515283, 
  0.9653792691096736, 0.9996248117182398, 0.9997670046303434, 
  0.7722063171911773, 0.076427340913192, 0.023072637523814242, 
  -0.05054789662241356, 0.006799426909648066, 0.9633212869054546, 
  0.5148498228581591, 0.000015127611465945253, 0.02022344789902856, 
  -0.9034302632870694, -0.14439826220512697}
"feedbackmoi" -> {0.42609481879573075, 0.8146933891368489, 
  -0.4076477989223387, 1.2246986300140925, -0.05783903902433327}
"fraser1" -> {-0.9999999999999998, 1., -0.9999999999999885, 0.}
"smallbone11" -> {0.002585273179326652, -1.1260224972745871, 
  0.04051839887282818, 0.35991529362739205, 0.6190615493018858, 
  0.012195015798925953, 0.057662885072695576, 1.0004238754595647, 
  1.0304143715002343, 1.6308118874395838, 0.08257802401826231, 
  0.9562110572549951, 0.9995260303636779, 0.9997077964291916, 
  0.7499438969826345, 0.06015124609783757, 0.023508285986551747, 
  -0.050702415496618074, 0.007187350892002154, 0.9625646559301985, 
  0.5049797769123959, 0.00001436233366245797, 0.020430057729554786, 
  -0.8843653230454712, -0.14207251960608508}
"fraser2" -> {-0.9999999999999999, -0.9999999999999999, -0.9999999999999885}
"smallbone12" -> {0.0026307898960260825, -1.2115130687674702, 
  0.7931307688053044, 0.22916554230128486, 0.37706612304432385, 
  0.6264235396119824, 0.013302248290323079, 0.05773206844415241, 
  1.0004635947494258, 1.032728324820379, 1.6738469387391308, 
  0.0869376325180988, 0.997297516511935, 0.9999707875877399, 
  0.9999821340338884, 0.7916878397456201, 0.0634070576337992, 
  0.02572485879895292, -0.05698403371751833, 0.006987022469092462, 
  0.9655351686472915, 0.5429764388930371, 0.000015343854624088154, 
  0.021706357943010117, -0.9645875813666641, -0.1559491237368752}
"hoefnagel1" -> {0.6365756274968372, 0.19332786358891887, 0.0979805464355006, 
  0.31410838437027644, 0.3156469763886667, 0.5804741199087178, 
  0.018482843826266346, 0.3575105712239664, 0.48683474127888593, 
  1.0003206875553459, -0.000767763636397897, 0.8526332749719518, 
  0.1469004526258737}
"hoefnagel2" -> {0.23222183386763953, 0.023915775414471103, 
  0.437665232468646, 0.044660935856995626, 0.02255787444827414, 
  0.03592723149529878, 1.0000545805343188, -0.0007318292555643558, 
  0.9260647612097525, 0.07392290120266097, 0., 0.3461449138968258, 
  0.0014462216854384477, 0.003643282257474008, 0.9496136698516976, 
  0.6825374979881209, 0.30426707102939704, 0.07591862821231606, 
  0.7269497048585898, 0.09894251123649757, 0.8702515946172542, 
  1.0000188329325574, -0.013096302422387001, 0.9999892397521971, 
  -0.046135193521100154, 0.17528124267493528, 0.027272578225306963, 
  0.0007235342357571227}
"holzhutter" -> {0.00013455002526006795, 0.9362511175911586, 
  0.0026106979181806387, 0.004805472263182929, 0.014697225401885308, 
  -0.0034591771685254066, 0.991658843001364, -3.976684101468765*^-6, 
  0.007534529487384469, 0.0004086896247625096, 0.06809692201044855, 
  0.00011947678404877605, 0.0000839004596513178, 0.002101768974079557, 
  0.06692877332094335, 0.0012815630350548456, 0.9048393488592061, 
  0.0020489742500115252, -0.00014853875688844204, -6.984989519028382*^-6, 
  0.0004833250418771946, 0.00011752007531826767, -0.00001504241910765398, 
  -0.000026751851451155863, 0.023270568838856275, -0.003519310708362532, 
  -0.0000341144317920791, -0.00048402078131894866, 0.0008536442290516296, 
  0.06274113066673653}
"smallbone13" -> {0.0029376588758679234, -0.20825551594109054, 
  0.7884712879080534, 0.21615911330443968, 0.1487959709354406, 
  0.6053163935519233, 0.002772716268775564, 0.04731995626786803, 
  1.0000939300094063, 1.0058118240373215, 1.0803021142761244, 
  0.057479328999782434, 0.8704347412183684, 0.9985949842430359, 
  0.9991240831315321, 0.3039159516476844, 0.017574193662303533, 
  0.19185067077954343, -0.04076139550111116, 0.0014046278122058504, 
  0.9413260997094378, 0.18389785540120682, 2.812459235370128*^-6, 
  0.026270528599192954, -0.3456945618483478, -0.06623259142869913}
"jabbari2" -> {0.0030065012483788006, 1.0009979965041054, 
  -0.0010019922434014647, 1.4984967492503727, 1.5005009962468885, 
  0.49849649900458526}
"smallbone14" -> {0.03722459273552687, -0.4093781832310639, 
  0.787042806462929, 0.21754262518479206, 0.16290710423368834, 
  0.594949751235431, 0.0027591082025564795, 0.04910197694857112, 
  1.0001704802218607, 1.23007951110368, 0.05887793072284037, 
  0.8611985458859494, 0.9984887490061998, 0.9990345195068979, 
  0.3464654396164885, 0.020828915855202183, 0.20236877094202804, 
  -0.03508744451844774, 0.0013498304488524884, 0.9423196843302544, 
  0.20020114351636464, 3.5679049228478*^-6, 0.024935931770618692, 
  -0.37223672290052656, -0.06746903563781768}
"smallbone15" -> {0.03501263122616852, -0.2768321498026471, 
  0.7878426479572072, 0.21664134018938253, 0.15427357365029876, 
  0.6014078834828153, 0.0015086014260565132, 0.04847196833103166, 
  1.0001123696761676, 1.0074502634351319, 1.120011837879611, 
  0.05764516321161295, 0.8467762043055027, 0.9983356858497775, 
  0.9989520299959027, 0.31985720810780155, 0.01853989836950934, 
  0.20272298440786043, -0.03980124888520479, 0.0013363889217926069, 
  0.9418536347376919, 0.1927642881121776, 3.285629878822935*^-6, 
  0.025595758010891055, -0.3573839912211731, -0.06753826128795708}
"smallbone16" -> {0.0396029104071769, -0.3667711714728015, 0.823326058656307, 
  0.18492150365797633, 0.14737084715855372, 0.5758619182795717, 
  0.001485517379689105, 0.04727207165461077, 1.0001598036282369, 
  1.011741760878115, 1.2243898888436784, 0.05920625656411063, 
  0.8212754902185796, 0.9980522162018998, 0.9987483470186104, 
  0.35083820455152276, 0.020242201199314705, 0.17514529698153672, 
  -0.03639852007645697, 0.040092767993873187, 0.94182133384609, 
  0.1829575597944933, 3.210694735511706*^-6, 0.02436117802807413, 
  -0.3576313372531407, -0.06616597552430382}
"smallbone17" -> {0.0402415696619996, -0.36946911171565194, 
  0.8231130474275269, 0.18513633802991455, 0.1469761332349454, 
  0.5758856953042729, 0.0014967024393305573, 0.04636693999714829, 
  1.0001619097704, 1.011841360332277, 1.2250536981312317, 
  0.05983356404867138, 0.822709476080213, 0.9980684873431177, 
  0.9987613345669153, 0.34838760830973114, 0.019944363872310984, 
  0.17594536749907352, -0.03803918016694397, 0.03961981587424948, 
  0.9419575013105185, 0.18480143466960045, 0.00454589024869862, 
  0.02507251110988567, -0.3614204254856238, -0.06742615238919798}
"smallbone18" -> {0.38548632391267784, -2.9376382557120646, 
  0.8293158836369214, 0.18756568038545285, 0.10570061131701233, 
  0.8757731811450055, 0.0029023996763302474, 0.04270843583422719, 
  1.0033908598630021, 1.1051848055669544, 1.8866968691184347, 
  1.4670109271862661, 0.017424809835507635, 0.9896041997588888, 
  0.9943794113647028, 0.3662154267788439, 0.0236479181375435, 
  0.1811448480891397, -0.015818955699971753, 0.06621843050182943, 
  0.9415779462317372, 0.18244007278555233, 0.009017599390966448, 
  0.3167189295761578, -0.10643956329941606, -0.021445567334310477}
"smallbone2" -> {0.08882643163784615, 0.007847466110698406, 
  0.009046589433255658, 0.0032493319313002295, 1.0005795653891318, 
  1.0808524579188856, 3.549551215930084, 0.0239618439124121, 
  0.00001432531300557783, 0.02688528006526677, 0.002623404837571057, 
  0.04143753325957101, 0.0012406038541888647, 1.5688438730798149, 
  0.0002973837245986651, -0.5177521943108387}
"smallbone6" -> {0.02739603252809222, 0.7184352249388527, 
  0.01441410163479242, 0.0181728819864591, 0.6315210944952719, 
  0.0036511015406987535, 0.042889069657843004, 1.000607699144418, 
  1.0234193946679608, 1.3275628625816382, 0.11870313630322862, 
  0.00014436980035786504, 0.16922472889702392, 0.020099746516647202, 
  0.004335248104948036, -0.046179905154819005, 0.00402496284615236, 
  0.025409363166408176, 2.996171299361599*^-6, 0.04002446142642799, 
  -0.3423072529289075, -0.06717048408186042}
"smallbone7" -> {0.0008206667838905285, 0.7652171456979454, 
  0.0060573166779924895, 0.020565701916786326, 0.24783438119351311, 
  0.0014985174578175428, 0.014805171965253848, 1.0006443367252145, 
  1.0224719920000864, 1.2924037471932277, 0.1235868182071616, 
  0.027703820742060317, 0.13644453257938, 0.017771609919788038, 
  0.0016996814467416573, -0.05010456218679945, 0.0019316339197746862, 
  0.01490681286999598, 1.393030950758857*^-6, 0.042582715421984586, 
  -0.31601358998159024, -0.06455551528470134}
"smallbone8" -> {0.0009674727214755911, 0.22693300365747215, 
  0.060199249393394216, 0.09233222047340826, 0.6561548924099432, 
  0.016338586046061147, 0.04984442168629446, 1.0003104469567399, 
  1.0153843124488857, 1.2387774626848602, 0.08784621551626128, 
  0.46267314574961566, 0.9942918774885422, 0.9968431267762332, 
  0.3429318533447139, 0.0335999891073339, 0.02322149232033785, 
  -0.046795110951055145, 0.013555655226573714, 0.12948160331520964, 
  4.358882170252984*^-6, 0.028045307596692402, -0.5184166486548811, 
  -0.09224423122601133}
"smallbone9" -> {0.002079530464371159, -0.5618752032979663, 
  0.045718659317353715, 0.1892313253735742, 0.6376540124850008, 
  0.013320711856946985, 0.05540521302599073, 1.000338755357931, 
  1.0218150288835492, 1.4174389503778313, 0.07996108010983907, 
  0.8342877915946469, 0.9982173173755834, 0.9989402416336837, 
  0.5669790303976927, 0.055989225615264294, 0.023199704850353907, 
  -0.049551776786285584, 0.008607404924100734, 0.9561710535113649, 
  0.4218047688734825, 9.873221618221938*^-6, 0.022236074316594277, 
  -0.759712824797309, -0.1254719139710592}
"teusink" -> {0.15343001169186699, 0.0026725889879083806, 
  0.001363305655879104, 0.0008154183893226948, 0.9714359633859315, 
  0.025973782297918125, 0.5623809935219963, -0.11278931634602535, 
  0.002452028874923381, 0.001867617436589417, 0.0003947347875156718, 
  0.042145835111586594, 0.0012016525377057281, 0.0009814160115198698}
"vanniekerk1" -> {0.026998329767764798, -0.05255710506888516, 
  0.006490011781522938, 0.6434937226448721, 0.09597670681561726, 
  0.28432848618243173, 0.014406039923014483, 0.31953909010162174, 
  0.003099928140752108, 0.03753832371061384, 0.28679886910393193, 
  0.01635733528015097, 0.00007552356750329855, 0.006788809833944769, 
  0.004857679195117064, 0.30236334578586616, 0.003444903234159772}
"yang" -> {1.3467037640723134, 1., 0.0010586203670013578, 
  -0.11578070873728342, 0.9999998634946001}
